2.227926 1.000000 
1.950937 2.000000 
1.746814 1.000000 
2.017312 2.000000 
2.676686 1.000000 
2.451358 1.000000 
2.990995 2.000000 
2.480467 1.000000 
2.893940 2.000000 
2.869330 2.000000 
1.981061 1.000000 
1.881756 1.000000 
2.033673 2.000000 
2.313357 2.000000 
1.837475 1.000000 
2.253972 1.000000 
1.290787 1.000000 
1.854665 1.000000 
2.453071 2.000000 
2.329200 1.000000 
1.720280 1.000000 
1.726673 1.000000 
2.660943 2.000000 
2.024857 1.000000 
2.057000 1.000000 
1.892676 2.000000 
2.694014 1.000000 
1.564830 1.000000 
2.656007 1.000000 
2.162543 2.000000 
1.976903 1.000000 
1.773924 1.000000 
2.649506 2.000000 
2.648415 2.000000 
2.155424 1.000000 
2.040862 2.000000 
1.722560 1.000000 
3.415022 2.000000 
2.046439 2.000000 
2.383163 2.000000 
2.920045 1.000000 
1.774937 1.000000 
1.723410 1.000000 
1.964639 1.000000 
3.457754 2.000000 
2.561280 1.000000 
2.832710 2.000000 
1.084551 1.000000 
2.835612 1.000000 
3.411590 2.000000 
2.082332 1.000000 
2.512375 1.000000 
2.509168 1.000000 
2.297422 1.000000 
2.177171 2.000000 
2.885870 2.000000 
2.447261 1.000000 
2.369292 1.000000 
1.411141 1.000000 
2.297359 1.000000 
2.746329 1.000000 
2.826951 2.000000 
1.691029 1.000000 
2.016877 1.000000 
1.898929 1.000000 
3.357829 2.000000 
1.867370 1.000000 
2.186483 2.000000 
2.343774 2.000000 
2.138656 1.000000 
1.711281 1.000000 
2.489244 2.000000 
1.876988 1.000000 
1.865215 1.000000 
2.206366 2.000000 
2.809558 1.000000 
3.240679 2.000000 
1.637360 1.000000 
1.685192 2.000000 
2.964785 1.000000 
2.240597 2.000000 
1.794355 1.000000 
1.459337 2.000000 
2.989935 2.000000 
2.637917 1.000000 
2.250208 2.000000 
2.719301 1.000000 
1.462917 1.000000 
1.785719 1.000000 
2.550704 1.000000 
1.955806 1.000000 
1.458258 1.000000 
1.892313 1.000000 
1.857610 1.000000 
2.958551 2.000000 
2.315328 2.000000 
2.608300 1.000000 
3.282081 2.000000 
2.235986 1.000000 
1.961892 1.000000 
1.661030 1.000000 
1.734554 1.000000 
2.262433 1.000000 
2.112297 1.000000 
1.576641 1.000000 
2.624117 2.000000 
2.508513 2.000000 
1.767682 2.000000 
2.024383 1.000000 
2.457999 1.000000 
1.832451 1.000000 
1.782853 1.000000 
2.209240 1.000000 
2.694614 1.000000 
1.986983 1.000000 
2.190540 2.000000 
2.306897 1.000000 
2.202725 1.000000 
1.507885 2.000000 
2.005230 1.000000 
2.417626 1.000000 
1.937656 1.000000 
2.114634 2.000000 
2.458654 1.000000 
2.257016 1.000000 
2.137162 2.000000 
2.384862 1.000000 
1.671727 1.000000 
1.847915 1.000000 
3.392852 2.000000 
1.896895 2.000000 
1.955713 1.000000 
3.343315 1.000000 
1.949299 2.000000 
2.712125 1.000000 
2.556905 1.000000 
1.880273 1.000000 
3.777069 2.000000 
2.698617 2.000000 
1.780987 1.000000 
1.641564 1.000000 
2.634566 2.000000 
1.616416 1.000000 
2.895246 2.000000 
3.203222 2.000000 
2.170117 1.000000 
1.815787 1.000000 
1.500627 2.000000 
2.278283 2.000000 
1.588892 1.000000 
1.428407 1.000000 
2.024797 1.000000 
2.303983 2.000000 
2.489246 1.000000 
2.849438 2.000000 
2.360833 1.000000 
2.585314 1.000000 
2.322060 1.000000 
2.039774 1.000000 
1.942578 1.000000 
1.384826 1.000000 
2.259100 1.000000 
2.986809 1.000000 
1.586299 1.000000 
2.744473 1.000000 
2.286621 1.000000 
1.794698 2.000000 
3.053303 2.000000 
1.115750 1.000000 
1.922766 1.000000 
1.594930 1.000000 
2.219313 2.000000 
3.081804 2.000000 
1.489095 1.000000 
2.434930 1.000000 
2.541531 2.000000 
2.366620 1.000000 
1.858906 1.000000 
2.463932 2.000000 
1.582865 2.000000 
2.930763 1.000000 
1.836558 1.000000 
2.521881 2.000000 
1.593377 1.000000 
2.185878 1.000000 
2.501486 2.000000 
1.867742 1.000000 
1.771410 1.000000 
1.874039 1.000000 
2.549880 1.000000 
2.242545 1.000000 
1.930452 1.000000 
1.987739 1.000000 
2.146708 1.000000 
1.723739 1.000000 
2.847936 1.000000 
2.190198 1.000000 
2.110512 1.000000 
1.351101 1.000000 
1.573872 1.000000 
3.306286 2.000000 
3.002585 1.000000 
2.448357 1.000000 
3.309865 2.000000 
2.348988 2.000000 
2.542813 1.000000 
1.470697 2.000000 
2.039540 1.000000 
2.652346 2.000000 
2.395494 1.000000 
3.126241 2.000000 
1.912056 1.000000 
1.738400 1.000000 
1.975198 1.000000 
2.602634 1.000000 
1.308885 1.000000 
1.016366 1.000000 
1.831532 1.000000 
2.725930 2.000000 
3.199336 1.000000 
2.401719 1.000000 
2.245992 1.000000 
2.261978 1.000000 
1.906677 1.000000 
2.166678 1.000000 
1.678326 1.000000 
1.773007 1.000000 
1.821922 1.000000 
2.204906 1.000000 
2.555377 2.000000 
2.728130 2.000000 
2.310949 2.000000 
1.920539 1.000000 
2.813482 2.000000 
2.133138 2.000000 
1.726878 1.000000 
2.811587 2.000000 
2.254426 2.000000 
2.168529 1.000000 
1.360139 1.000000 
2.197330 1.000000 
1.903114 2.000000 
1.581575 1.000000 
2.144851 1.000000 
2.476916 1.000000 
1.817822 1.000000 
1.722045 1.000000 
2.346620 2.000000 
2.071637 1.000000 
2.935958 1.000000 
1.255100 1.000000 
2.153057 2.000000 
2.033645 1.000000 
1.930769 1.000000 
2.413438 1.000000 
2.078904 1.000000 
2.325906 1.000000 
3.091875 1.000000 
3.083071 1.000000 
1.456373 1.000000 
1.675523 1.000000 
2.631998 1.000000 
1.473811 2.000000 
4.349598 2.000000 
1.866746 1.000000 
2.169737 2.000000 
2.290078 1.000000 
3.194453 2.000000 
2.206363 1.000000 
1.915988 1.000000 
2.188549 1.000000 
2.760041 2.000000 
2.510034 1.000000 
2.406854 1.000000 
2.228411 2.000000 
1.860501 1.000000 
2.111571 1.000000 
1.814558 1.000000 
2.527213 2.000000 
2.507938 2.000000 
1.309534 2.000000 
2.016948 1.000000 
2.268866 1.000000 
1.626489 1.000000 
2.735218 2.000000 
1.369024 2.000000 
2.561494 1.000000 
1.135706 2.000000 
2.365639 1.000000 
2.809904 1.000000 
2.772401 1.000000 
2.685571 2.000000 
2.740082 2.000000 
1.446132 1.000000 
1.695975 1.000000 
2.051961 1.000000 
2.899130 2.000000 
1.301163 1.000000 
2.909012 1.000000 
1.886448 1.000000 
2.286170 2.000000 
2.313914 1.000000 
2.181215 1.000000 
1.358878 2.000000 
1.403512 1.000000 
2.446346 1.000000 
1.993916 1.000000 
1.724454 1.000000 
1.626623 1.000000 
1.939376 1.000000 
3.097765 2.000000 
1.916210 1.000000 
1.406013 1.000000 
2.246524 1.000000 
2.220160 1.000000 
2.148891 1.000000 
2.104250 1.000000 
2.272757 1.000000 
2.447449 2.000000 
1.731479 1.000000 
1.995517 1.000000 
2.035285 1.000000 
3.005218 2.000000 
2.309509 1.000000 
2.526717 2.000000 
1.331927 1.000000 
2.634039 2.000000 
2.757554 2.000000 
1.421435 1.000000 
2.300319 2.000000 
1.961438 2.000000 
1.650858 2.000000 
1.938791 1.000000 
3.097643 2.000000 
2.564681 1.000000 
2.377415 1.000000 
2.548014 1.000000 
3.007852 1.000000 
1.725255 2.000000 
1.993907 2.000000 
2.864777 2.000000 
2.096958 1.000000 
2.624437 1.000000 
3.108440 2.000000 
1.261334 1.000000 
2.716811 1.000000 
2.238652 1.000000 
1.784632 1.000000 
2.277619 2.000000 
2.049737 1.000000 
2.001913 1.000000 
2.646304 1.000000 
2.411919 1.000000 
2.677353 1.000000 
1.587044 1.000000 
2.212635 1.000000 
3.000474 1.000000 
2.139267 2.000000 
2.475958 1.000000 
1.902123 1.000000 
2.260471 1.000000 
2.174721 1.000000 
2.367891 1.000000 
2.775750 2.000000 
2.210308 1.000000 
2.318429 1.000000 
1.835738 1.000000 
3.655638 2.000000 
1.690625 1.000000 
2.335641 2.000000 
2.290144 1.000000 
2.303293 1.000000 
1.751841 1.000000 
2.725538 1.000000 
1.979602 2.000000 
1.357951 1.000000 
2.174461 1.000000 
1.462699 1.000000 
2.015902 1.000000 
2.413013 2.000000 
1.411687 1.000000 
2.166329 1.000000 
2.208067 1.000000 
2.272630 1.000000 
2.557960 1.000000 
2.074837 1.000000 
2.520496 1.000000 
1.850323 1.000000 
1.990720 1.000000 
1.519778 1.000000 
2.405163 1.000000 
2.117747 1.000000 
1.894282 1.000000 
2.066818 1.000000 
2.183332 1.000000 
1.416918 1.000000 
3.113626 1.000000 
2.824925 1.000000 
1.939172 1.000000 
2.006936 1.000000 
2.085016 2.000000 
1.660864 1.000000 
2.545585 2.000000 
2.509516 2.000000 
2.265250 2.000000 
2.681487 2.000000 
2.047143 1.000000 
2.663937 2.000000 
2.095049 1.000000 
2.466403 2.000000 
2.221107 2.000000 
2.427154 1.000000 
3.510105 2.000000 
2.458165 1.000000 
2.204404 1.000000 
1.963751 1.000000 
2.204472 2.000000 
1.918502 2.000000 
1.951659 1.000000 
2.198906 1.000000 
3.661362 2.000000 
2.780318 2.000000 
1.761488 1.000000 
1.802456 1.000000 
2.377038 1.000000 
2.144285 1.000000 
2.118279 2.000000 
2.167832 1.000000 
1.421270 1.000000 
2.018589 2.000000 
2.143591 1.000000 
1.302514 1.000000 
1.724592 2.000000 
2.492591 2.000000 
2.945204 2.000000 
2.301771 2.000000 
1.763282 1.000000 
2.411055 2.000000 
2.717982 1.000000 
1.962970 1.000000 
2.152327 1.000000 
1.716330 2.000000 
2.380643 2.000000 
1.775724 1.000000 
1.954336 2.000000 
1.453093 1.000000 
1.320998 1.000000 
2.005728 1.000000 
2.225710 1.000000 
1.691490 2.000000 
1.994741 1.000000 
1.815181 1.000000 
2.727558 1.000000 
2.263940 1.000000 
2.715380 1.000000 
2.287179 2.000000 
1.728547 1.000000 
3.142610 2.000000 
2.664581 1.000000 
2.331459 1.000000 
3.193244 2.000000 
2.754638 1.000000 
2.076537 1.000000 
1.616771 1.000000 
1.784192 2.000000 
2.732047 2.000000 
1.470389 2.000000 
2.234351 1.000000 
2.469004 1.000000 
2.350752 2.000000 
1.227770 1.000000 
2.483380 2.000000 
1.603467 1.000000 
2.283684 1.000000 
2.837928 2.000000 
2.200766 1.000000 
2.612067 1.000000 
1.533995 1.000000 
1.594602 1.000000 
1.815169 1.000000 
2.351371 2.000000 
1.905458 1.000000 
1.022834 1.000000 
1.933692 1.000000 
0.998486 1.000000 
2.662101 2.000000 
2.521863 2.000000 
2.325963 1.000000 
3.378591 2.000000 
1.335404 1.000000 
1.758360 1.000000 
2.394260 1.000000 
1.184268 2.000000 
2.705966 1.000000 
1.717996 1.000000 
1.617903 1.000000 
2.052069 1.000000 
3.405017 2.000000 
2.182624 2.000000 
2.128834 1.000000 
2.379934 1.000000 
2.292374 1.000000 
1.918984 2.000000 
2.076030 1.000000 
2.486388 2.000000 
1.977159 1.000000 
2.490390 2.000000 
2.316327 1.000000 
2.245828 1.000000 
2.270912 1.000000 
2.302241 1.000000 
2.426910 1.000000 
2.328268 1.000000 
1.389820 1.000000 
2.518601 2.000000 
1.839993 1.000000 
2.731311 1.000000 
1.996111 1.000000 
2.241356 1.000000 
2.267927 2.000000 
2.970384 1.000000 
3.187507 2.000000 
1.948014 1.000000 
2.616691 1.000000 
2.056920 1.000000 
1.772885 1.000000 
2.459290 1.000000 
2.601089 1.000000 
1.972077 1.000000 
3.015787 2.000000 
2.813250 1.000000 
2.776896 1.000000 
1.756080 1.000000 
1.630640 1.000000 
2.137324 1.000000 
2.610340 1.000000 
2.820002 2.000000 
2.025667 1.000000 
1.942559 1.000000 
2.022566 2.000000 
1.953680 2.000000 
2.467286 1.000000 
2.511334 2.000000 
1.555092 1.000000 
2.620005 1.000000 
1.912682 1.000000 
2.451565 1.000000 
2.380682 1.000000 
2.587447 1.000000 
2.133578 1.000000 
2.734788 2.000000 
2.402286 1.000000 
1.795340 1.000000 
2.072787 2.000000 
1.123971 1.000000 
1.647562 2.000000 
1.882404 1.000000 
1.612239 2.000000 
1.764165 1.000000 
2.519283 2.000000 
2.167734 1.000000 
1.942055 1.000000 
2.514595 1.000000 
2.125477 2.000000 
2.716475 1.000000 
2.497856 1.000000 
2.016728 1.000000 
1.451405 1.000000 
1.918972 1.000000 
2.434888 1.000000 
2.613707 1.000000 
2.602440 1.000000 
2.253797 1.000000 
2.275769 1.000000 
2.752661 2.000000 
1.713985 1.000000 
1.520535 1.000000 
2.465386 1.000000 
2.010124 1.000000 
2.018611 2.000000 
1.871862 1.000000 
2.172105 2.000000 
2.224419 1.000000 
1.429458 1.000000 
2.877608 1.000000 
2.080117 1.000000 
2.425065 2.000000 
2.563029 1.000000 
1.898381 1.000000 
1.498288 1.000000 
2.688254 2.000000 
2.205304 1.000000 
1.901674 1.000000 
2.332823 1.000000 
1.998269 1.000000 
1.885324 2.000000 
2.510345 1.000000 
2.025662 1.000000 
2.022616 1.000000 
1.386449 1.000000 
2.383648 1.000000 
2.191446 1.000000 
2.024832 1.000000 
2.012528 1.000000 
2.467549 1.000000 
2.414428 1.000000 
2.087763 1.000000 
1.701210 1.000000 
2.153520 1.000000 
2.047952 2.000000 
2.114066 1.000000 
1.303419 1.000000 
2.371770 1.000000 
2.308906 1.000000 
1.470571 2.000000 
2.346783 2.000000 
2.939290 2.000000 
1.833538 1.000000 
2.720551 1.000000 
2.810515 2.000000 
2.663951 1.000000 
1.730554 1.000000 
2.359456 1.000000 
1.672449 1.000000 
2.430715 1.000000 
1.131155 1.000000 
2.074850 2.000000 
2.473782 1.000000 
2.117310 2.000000 
2.696318 1.000000 
3.707635 2.000000 
2.163852 1.000000 
1.829154 1.000000 
2.758391 1.000000 
1.737710 1.000000 
2.686750 1.000000 
2.571352 1.000000 
2.764585 1.000000 
2.583892 2.000000 
1.579916 2.000000 
2.150926 1.000000 
2.435050 2.000000 
2.396581 1.000000 
1.433581 1.000000 
1.752379 1.000000 
3.010072 1.000000 
3.167111 2.000000 
1.997701 1.000000 
0.610770 2.000000 
2.258491 2.000000 
2.120308 1.000000 
2.416216 1.000000 
2.058641 2.000000 
2.127977 1.000000 
2.224788 2.000000 
2.487685 1.000000 
1.720260 1.000000 
2.165737 1.000000 
1.346404 1.000000 
2.639759 2.000000 
2.322144 2.000000 
2.624560 2.000000 
1.182644 2.000000 
2.065858 1.000000 
2.580186 2.000000 
1.700086 1.000000 
2.371077 1.000000 
1.727279 1.000000 
2.487381 1.000000 
1.874731 1.000000 
2.344708 1.000000 
2.415325 2.000000 
3.003759 2.000000 
2.418620 2.000000 
3.151783 1.000000 
2.173536 1.000000 
1.904754 1.000000 
2.824865 1.000000 
2.187111 1.000000 
1.715554 1.000000 
2.000871 1.000000 
2.147365 1.000000 
2.169330 2.000000 
2.585407 2.000000 
2.284143 1.000000 
1.774471 1.000000 
2.198321 1.000000 
2.589376 1.000000 
2.360648 1.000000 
1.127921 1.000000 
1.010859 1.000000 
2.579204 1.000000 
3.055617 1.000000 
1.890259 1.000000 
1.531015 1.000000 
1.744557 1.000000 
2.523725 1.000000 
2.600081 2.000000 
2.694707 1.000000 
2.254988 1.000000 
2.013280 2.000000 
2.663160 1.000000 
1.589210 1.000000 
2.029241 1.000000 
2.665812 2.000000 
1.747803 1.000000 
1.797097 1.000000 
1.198878 2.000000 
2.267417 1.000000 
2.053631 1.000000 
2.185533 1.000000 
1.989249 2.000000 
1.954208 1.000000 
2.784089 2.000000 
1.049923 2.000000 
1.833851 1.000000 
2.103648 1.000000 
1.739701 1.000000 
2.185045 1.000000 
1.921799 1.000000 
2.209909 2.000000 
2.345145 2.000000 
2.151089 2.000000 
2.696873 1.000000 
2.126101 1.000000 
2.049612 2.000000 
1.783624 2.000000 
2.078935 1.000000 
2.217790 1.000000 
2.271464 1.000000 
2.036829 1.000000 
2.028453 1.000000 
2.470584 1.000000 
2.827237 2.000000 
1.538195 1.000000 
1.751033 1.000000 
2.172151 1.000000 
2.226142 2.000000 
2.183130 1.000000 
1.995294 2.000000 
1.508420 1.000000 
2.060063 1.000000 
2.788291 1.000000 
2.598024 1.000000 
1.950124 2.000000 
3.445254 2.000000 
2.286827 1.000000 
3.360391 2.000000 
3.047808 2.000000 
1.922961 1.000000 
1.805268 1.000000 
2.661368 2.000000 
2.399552 1.000000 
2.060423 1.000000 
2.434545 1.000000 
2.274092 2.000000 
2.312403 1.000000 
2.883786 1.000000 
2.209943 1.000000 
2.950985 2.000000 
2.252556 2.000000 
1.443167 1.000000 
2.532018 2.000000 
2.600176 2.000000 
1.868567 1.000000 
1.775496 2.000000 
1.684032 1.000000 
2.011808 2.000000 
1.919348 1.000000 
2.082901 2.000000 
2.716713 1.000000 
2.013619 1.000000 
2.184814 1.000000 
2.326734 1.000000 
2.097354 1.000000 
2.716756 1.000000 
1.582180 1.000000 
1.992364 2.000000 
1.540891 2.000000 
2.511790 1.000000 
1.777056 1.000000 
1.543091 1.000000 
2.438438 1.000000 
2.104786 1.000000 
2.047515 2.000000 
2.053669 1.000000 
2.322951 1.000000 
2.261255 1.000000 
2.682758 2.000000 
1.865422 2.000000 
1.636800 2.000000 
2.450315 1.000000 
1.414086 1.000000 
2.318810 2.000000 
1.824009 1.000000 
2.538339 1.000000 
2.556179 2.000000 
2.327414 2.000000 
2.823085 1.000000 
2.551883 1.000000 
2.765364 2.000000 
1.580992 1.000000 
3.231495 2.000000 
1.780521 1.000000 
2.643884 1.000000 
3.046520 2.000000 
3.450123 2.000000 
2.290335 1.000000 
1.997370 1.000000 
3.395836 2.000000 
2.397541 1.000000 
2.946834 1.000000 
2.115813 1.000000 
1.824577 2.000000 
1.828738 1.000000 
2.071145 2.000000 
2.651178 2.000000 
2.403432 1.000000 
1.709745 2.000000 
2.171541 2.000000 
1.856688 2.000000 
2.160327 2.000000 
1.885344 1.000000 
2.582628 2.000000 
2.683936 2.000000 
2.022525 1.000000 
3.379600 2.000000 
2.238039 1.000000 
2.291269 1.000000 
1.909637 1.000000 
3.081853 2.000000 
2.379994 2.000000 
2.137557 2.000000 
2.693442 2.000000 
3.275272 1.000000 
1.452846 2.000000 
2.364856 1.000000 
3.162055 2.000000 
2.771610 1.000000 
2.961001 2.000000 
2.091041 1.000000 
2.547064 2.000000 
1.773239 1.000000 
2.344829 2.000000 
3.482811 2.000000 
2.531525 1.000000 
2.752900 2.000000 
2.263655 1.000000 
1.452558 1.000000 
1.616948 2.000000 
2.342200 1.000000 
2.539724 2.000000 
2.352200 1.000000 
2.057871 1.000000 
2.290217 1.000000 
1.301438 2.000000 
1.889365 1.000000 
1.174162 1.000000 
0.859690 1.000000 
2.837992 2.000000 
1.552306 1.000000 
2.678097 2.000000 
1.456511 1.000000 
2.415176 1.000000 
3.139136 2.000000 
1.684496 1.000000 
1.747309 1.000000 
1.848050 2.000000 
2.678964 2.000000 
0.610543 2.000000 
1.794404 2.000000 
2.372763 1.000000 
2.424792 1.000000 
2.859638 2.000000 
1.900722 1.000000 
2.431702 1.000000 
2.443136 2.000000 
2.485340 2.000000 
2.097387 1.000000 
2.014480 1.000000 
1.612103 2.000000 
1.698431 1.000000 
2.215777 1.000000 
2.457840 2.000000 
3.155490 2.000000 
2.314784 1.000000 
2.243080 1.000000 
1.739941 2.000000 
2.083776 1.000000 
2.510462 2.000000 
1.661400 1.000000 
2.038481 1.000000 
2.366659 1.000000 
1.986256 1.000000 
2.544334 2.000000 
2.602333 2.000000 
2.299219 2.000000 
1.523122 2.000000 
2.103257 1.000000 
2.248041 1.000000 
1.848925 2.000000 
1.595435 1.000000 
2.705167 2.000000 
2.248226 1.000000 
2.320535 2.000000 
2.370890 1.000000 
2.072801 1.000000 
1.685570 2.000000 
2.128145 2.000000 
2.223534 1.000000 
1.888041 2.000000 
1.508867 1.000000 
2.272178 1.000000 
2.373572 1.000000 
2.335052 1.000000 
1.723555 1.000000 
2.321322 1.000000 
2.202517 1.000000 
3.638511 2.000000 
2.627267 1.000000 
1.949611 1.000000 
2.625761 2.000000 
2.630584 2.000000 
2.729932 2.000000 
1.958802 1.000000 
1.659333 1.000000 
2.071616 1.000000 
2.325299 2.000000 
1.816741 1.000000 
2.385922 2.000000 
2.369804 1.000000 
2.272167 1.000000 
2.184865 1.000000 
2.482747 1.000000 
1.851043 1.000000 
2.322383 1.000000 
2.225134 1.000000 
1.696702 1.000000 
2.099791 2.000000 
2.424757 2.000000 
2.754771 1.000000 
2.233127 1.000000 
1.296350 1.000000 
2.391108 1.000000 
2.863063 2.000000 
2.116856 2.000000 
2.922558 2.000000 
1.902293 1.000000 
3.030022 2.000000 
1.877500 1.000000 
2.266593 1.000000 
2.750144 2.000000 
3.149651 2.000000 
2.451011 1.000000 
2.057518 1.000000 
2.256087 2.000000 
1.770179 2.000000 
2.250840 1.000000 
2.436521 2.000000 
1.821144 1.000000 
2.633579 1.000000 
2.449591 1.000000 
2.508114 2.000000 
2.189802 1.000000 
2.108190 2.000000 
1.816040 1.000000 
2.920357 1.000000 
2.702013 1.000000 
1.736530 2.000000 
1.995481 1.000000 
1.582323 1.000000 
2.686048 2.000000 
2.021117 1.000000 
2.481660 1.000000 
3.245869 2.000000 
2.620328 1.000000 
1.307348 1.000000 
1.862717 2.000000 
2.721175 2.000000 
2.206648 1.000000 
1.834224 1.000000 
2.197806 1.000000 
3.156577 2.000000 
2.770135 1.000000 
1.536434 1.000000 
2.351307 1.000000 
2.734107 2.000000 
2.905836 2.000000 
2.027872 1.000000 
1.868914 2.000000 
2.722964 2.000000 
2.263188 2.000000 
2.519998 1.000000 
3.075911 1.000000 
2.292332 2.000000 
2.834920 2.000000 
2.301615 1.000000 
1.779777 1.000000 
1.528987 1.000000 
2.958249 2.000000 
1.844449 1.000000 
2.508458 1.000000 
1.534764 2.000000 
2.969238 2.000000 
2.320597 1.000000 
2.708779 2.000000 
2.985201 2.000000 
1.791759 2.000000 
1.388152 1.000000 
2.033127 1.000000 
2.336374 1.000000 
1.826079 1.000000 
3.223860 2.000000 
2.756081 2.000000 
1.186215 2.000000 
1.884621 2.000000 
1.274508 1.000000 
2.004944 1.000000 
2.279155 1.000000 
