2.996415 2.000000 
2.624531 1.000000 
2.910204 1.000000 
-0.037889 2.000000 
2.913158 2.000000 
2.947097 1.000000 
2.472150 1.000000 
3.090535 1.000000 
4.599637 2.000000 
2.203137 2.000000 
0.960052 2.000000 
2.899415 2.000000 
1.914939 2.000000 
3.239986 1.000000 
2.381007 1.000000 
1.083700 2.000000 
1.131273 2.000000 
4.888366 2.000000 
3.151898 1.000000 
1.107621 1.000000 
4.366302 1.000000 
2.013808 1.000000 
3.784491 1.000000 
3.798937 1.000000 
2.902868 2.000000 
3.816968 1.000000 
4.061799 2.000000 
1.026225 2.000000 
2.557560 2.000000 
2.775609 1.000000 
3.803941 1.000000 
4.289357 1.000000 
3.273804 1.000000 
2.429265 1.000000 
0.977987 1.000000 
2.913263 1.000000 
2.887708 2.000000 
3.725506 1.000000 
0.934893 2.000000 
3.794532 1.000000 
1.670005 1.000000 
0.315304 2.000000 
2.549036 1.000000 
3.564104 2.000000 
2.114205 1.000000 
-0.207647 2.000000 
3.461640 2.000000 
5.003733 2.000000 
3.277974 1.000000 
3.298336 1.000000 
1.827582 1.000000 
3.880507 1.000000 
3.185649 1.000000 
2.163488 1.000000 
3.094634 2.000000 
2.404342 2.000000 
3.020061 2.000000 
2.612967 2.000000 
1.196456 1.000000 
1.916826 2.000000 
1.238193 1.000000 
1.926721 1.000000 
1.611959 1.000000 
2.898042 1.000000 
3.762390 1.000000 
4.412079 2.000000 
1.391275 2.000000 
2.514315 2.000000 
2.730089 1.000000 
3.431666 1.000000 
3.973033 2.000000 
2.304883 1.000000 
3.668339 1.000000 
1.035742 2.000000 
1.838489 1.000000 
3.237602 1.000000 
3.508404 1.000000 
2.931144 2.000000 
1.895572 2.000000 
1.605938 1.000000 
2.042810 1.000000 
1.626067 2.000000 
3.679856 2.000000 
0.557778 1.000000 
4.696903 1.000000 
2.462604 2.000000 
3.140279 2.000000 
2.249913 2.000000 
2.012464 1.000000 
3.928079 1.000000 
3.209332 1.000000 
2.355007 1.000000 
3.468124 1.000000 
4.887965 2.000000 
0.242971 1.000000 
3.293780 2.000000 
1.433274 1.000000 
3.355328 1.000000 
4.710964 2.000000 
1.862746 2.000000 
-0.274474 2.000000 
2.696805 1.000000 
3.920002 2.000000 
5.154208 2.000000 
3.424798 2.000000 
5.160420 2.000000 
2.993175 1.000000 
1.042108 2.000000 
1.786569 1.000000 
4.468026 1.000000 
3.886017 1.000000 
1.107684 2.000000 
1.657586 1.000000 
2.618710 2.000000 
1.728786 1.000000 
3.963251 1.000000 
1.732119 2.000000 
2.903544 1.000000 
1.938308 2.000000 
1.878776 1.000000 
2.116486 1.000000 
5.399557 2.000000 
4.923647 1.000000 
4.013472 2.000000 
2.591104 2.000000 
2.486471 1.000000 
3.457182 2.000000 
1.999314 1.000000 
3.947697 1.000000 
3.607526 2.000000 
1.598185 1.000000 
3.449934 2.000000 
2.447389 2.000000 
2.029955 1.000000 
5.368713 1.000000 
1.948137 1.000000 
3.620179 2.000000 
2.205293 1.000000 
4.800938 1.000000 
2.084922 1.000000 
2.243555 2.000000 
1.862463 2.000000 
1.620683 2.000000 
1.559393 1.000000 
-0.808238 2.000000 
1.654593 2.000000 
1.475806 2.000000 
1.206325 1.000000 
1.953515 2.000000 
3.707027 2.000000 
6.041224 2.000000 
1.613781 1.000000 
1.564564 1.000000 
3.507632 1.000000 
3.660348 2.000000 
3.043410 2.000000 
3.828150 2.000000 
4.810056 2.000000 
2.210361 1.000000 
0.348083 2.000000 
2.448742 1.000000 
1.612347 1.000000 
3.255156 2.000000 
3.374599 2.000000 
1.950939 1.000000 
-0.270580 2.000000 
2.309792 1.000000 
0.943941 2.000000 
2.851439 2.000000 
3.071906 2.000000 
-0.409882 1.000000 
2.243919 1.000000 
2.040693 1.000000 
2.204283 1.000000 
4.469350 1.000000 
3.655551 1.000000 
3.648334 2.000000 
2.944962 1.000000 
2.573302 2.000000 
2.302219 1.000000 
5.764269 2.000000 
3.336842 2.000000 
2.599356 2.000000 
2.471735 1.000000 
4.328245 1.000000 
1.604854 2.000000 
4.375356 1.000000 
3.570326 1.000000 
3.205124 2.000000 
2.833759 2.000000 
-1.471713 2.000000 
2.391022 2.000000 
4.618685 2.000000 
4.151759 1.000000 
2.641621 2.000000 
1.499948 2.000000 
3.806694 1.000000 
1.029148 2.000000 
1.833898 2.000000 
2.894143 2.000000 
2.803907 1.000000 
1.704819 1.000000 
3.835662 1.000000 
4.028523 2.000000 
4.359431 2.000000 
4.782700 2.000000 
2.355607 1.000000 
2.507373 2.000000 
2.364195 1.000000 
2.659138 1.000000 
2.124314 2.000000 
0.863834 2.000000 
2.561158 1.000000 
3.721564 2.000000 
0.893551 2.000000 
2.129403 2.000000 
3.836150 2.000000 
0.401515 2.000000 
2.034072 2.000000 
2.721041 1.000000 
1.169329 2.000000 
0.973405 2.000000 
3.029832 1.000000 
2.259136 1.000000 
4.046041 2.000000 
1.931427 2.000000 
5.275047 2.000000 
1.114781 2.000000 
2.389738 2.000000 
1.684294 1.000000 
2.196379 1.000000 
1.835666 2.000000 
3.097604 2.000000 
2.183254 1.000000 
3.518570 1.000000 
0.675233 2.000000 
1.815811 1.000000 
3.296493 1.000000 
2.806522 2.000000 
2.646152 1.000000 
1.027864 1.000000 
1.799274 2.000000 
4.543320 2.000000 
3.867201 2.000000 
0.708707 1.000000 
2.778424 1.000000 
2.664513 2.000000 
1.599927 1.000000 
3.520367 1.000000 
2.899041 2.000000 
2.290374 2.000000 
3.688897 2.000000 
4.871123 2.000000 
3.288188 1.000000 
3.279705 2.000000 
3.385958 1.000000 
2.695880 1.000000 
2.376465 1.000000 
2.715393 2.000000 
4.064656 2.000000 
3.595925 2.000000 
3.155245 1.000000 
1.387808 1.000000 
1.375289 2.000000 
3.279686 1.000000 
1.994493 2.000000 
2.455090 1.000000 
3.295698 2.000000 
2.743942 1.000000 
3.890482 2.000000 
2.442870 1.000000 
2.951804 1.000000 
4.409390 2.000000 
1.749428 1.000000 
1.856192 2.000000 
2.623912 1.000000 
1.501442 1.000000 
0.575277 1.000000 
2.439180 1.000000 
2.443762 2.000000 
4.507086 2.000000 
3.546064 2.000000 
3.169549 1.000000 
0.624727 2.000000 
1.637245 1.000000 
2.774769 1.000000 
2.221168 2.000000 
2.746706 1.000000 
3.222708 2.000000 
4.160306 2.000000 
2.620912 1.000000 
-0.381737 1.000000 
2.195583 1.000000 
0.601381 2.000000 
2.832815 1.000000 
3.649244 1.000000 
2.371748 2.000000 
2.503897 1.000000 
1.964972 1.000000 
1.604713 2.000000 
1.864555 1.000000 
2.355125 2.000000 
4.369171 2.000000 
3.142395 2.000000 
2.807000 1.000000 
3.123735 2.000000 
3.700660 2.000000 
3.908311 2.000000 
1.674440 2.000000 
3.405151 1.000000 
3.288307 1.000000 
3.307882 2.000000 
1.784343 1.000000 
3.495186 1.000000 
2.810733 2.000000 
2.387522 1.000000 
2.287731 1.000000 
2.825063 2.000000 
2.370195 2.000000 
3.448556 2.000000 
5.400684 1.000000 
2.014031 1.000000 
4.319915 2.000000 
3.204887 2.000000 
3.864184 1.000000 
2.936832 1.000000 
2.510953 2.000000 
3.060537 1.000000 
2.612043 1.000000 
3.375123 1.000000 
1.898364 1.000000 
3.439476 1.000000 
2.757770 2.000000 
2.704050 2.000000 
0.662023 2.000000 
3.357172 1.000000 
3.728959 2.000000 
3.507169 1.000000 
1.435186 1.000000 
2.443221 1.000000 
2.719772 1.000000 
2.433330 1.000000 
3.109691 2.000000 
2.141208 1.000000 
2.393812 1.000000 
5.728179 2.000000 
2.333290 1.000000 
2.127880 1.000000 
2.126519 2.000000 
4.838206 1.000000 
1.325511 1.000000 
3.721244 2.000000 
0.156556 2.000000 
1.900671 2.000000 
2.532933 1.000000 
2.425793 1.000000 
2.057132 2.000000 
4.279931 2.000000 
2.493340 1.000000 
2.274959 1.000000 
1.813347 1.000000 
2.782011 2.000000 
2.465984 1.000000 
3.546459 2.000000 
1.128727 2.000000 
2.929664 1.000000 
1.518221 1.000000 
3.598668 1.000000 
1.604930 1.000000 
2.743981 1.000000 
2.720562 2.000000 
2.299636 1.000000 
1.338895 1.000000 
2.817335 1.000000 
3.369902 1.000000 
4.901747 2.000000 
2.372628 1.000000 
3.275799 1.000000 
3.121215 2.000000 
2.610374 1.000000 
1.196785 2.000000 
1.988347 1.000000 
1.908726 1.000000 
3.566779 1.000000 
3.515465 1.000000 
2.678995 2.000000 
-0.359091 2.000000 
3.963826 1.000000 
2.176611 2.000000 
2.950386 2.000000 
2.441719 2.000000 
3.065670 1.000000 
3.500859 1.000000 
2.971100 2.000000 
0.866974 2.000000 
2.925018 1.000000 
2.787983 2.000000 
2.858310 2.000000 
2.200983 1.000000 
4.526181 1.000000 
3.560686 1.000000 
2.828460 2.000000 
1.331560 1.000000 
3.709798 2.000000 
2.361989 1.000000 
5.843778 2.000000 
2.773118 1.000000 
4.224171 1.000000 
2.466057 1.000000 
3.718057 2.000000 
2.479038 2.000000 
1.751933 2.000000 
3.098991 2.000000 
2.557781 1.000000 
2.882482 2.000000 
2.737160 1.000000 
2.089063 1.000000 
4.631283 1.000000 
0.848597 2.000000 
2.580404 1.000000 
2.592502 1.000000 
2.351479 1.000000 
1.563112 2.000000 
2.339342 2.000000 
0.667906 2.000000 
2.362904 2.000000 
3.508300 1.000000 
2.090044 1.000000 
1.374626 1.000000 
4.262667 1.000000 
2.272047 2.000000 
4.141162 1.000000 
2.326755 2.000000 
3.370494 2.000000 
0.003489 2.000000 
1.643663 1.000000 
4.775746 1.000000 
4.171803 1.000000 
1.444617 2.000000 
2.219105 1.000000 
3.404567 2.000000 
0.035385 2.000000 
1.702259 2.000000 
2.245966 1.000000 
2.041811 2.000000 
3.631668 2.000000 
1.945828 2.000000 
3.078374 2.000000 
2.135421 1.000000 
2.875179 2.000000 
2.559882 1.000000 
2.632288 2.000000 
3.200980 1.000000 
2.296173 2.000000 
1.652459 1.000000 
1.111897 2.000000 
1.964515 1.000000 
2.354159 1.000000 
1.705307 1.000000 
2.883913 1.000000 
1.001109 2.000000 
2.929965 1.000000 
1.093733 2.000000 
0.974514 2.000000 
4.400518 1.000000 
2.493255 2.000000 
1.078949 1.000000 
1.785355 1.000000 
2.583524 1.000000 
5.628742 2.000000 
1.177097 2.000000 
2.689704 2.000000 
2.060105 1.000000 
0.857867 1.000000 
3.879336 1.000000 
1.237166 1.000000 
1.680922 1.000000 
2.825536 2.000000 
3.280385 1.000000 
1.830506 2.000000 
2.255448 2.000000 
4.357577 1.000000 
4.092820 2.000000 
3.548953 2.000000 
4.493076 2.000000 
3.440180 2.000000 
1.619159 1.000000 
4.132882 1.000000 
2.527494 1.000000 
4.941361 1.000000 
1.908912 1.000000 
1.756893 1.000000 
1.626446 1.000000 
2.674903 1.000000 
2.197246 1.000000 
2.933473 1.000000 
-0.045712 2.000000 
6.312895 2.000000 
2.657477 1.000000 
2.874045 1.000000 
2.149953 2.000000 
3.234494 1.000000 
3.306087 1.000000 
3.188390 2.000000 
1.047444 2.000000 
0.853383 2.000000 
1.514564 1.000000 
1.279750 2.000000 
0.213634 2.000000 
4.072156 2.000000 
1.895968 1.000000 
2.955440 2.000000 
2.546519 2.000000 
2.987409 1.000000 
3.826129 1.000000 
4.654238 2.000000 
1.603369 2.000000 
3.941594 1.000000 
1.891404 1.000000 
1.350240 2.000000 
1.872027 2.000000 
2.203656 1.000000 
3.466690 2.000000 
1.623131 1.000000 
3.593553 2.000000 
1.453941 1.000000 
1.048967 1.000000 
1.062215 2.000000 
0.663123 1.000000 
2.448169 2.000000 
1.724371 2.000000 
0.995941 2.000000 
2.410462 2.000000 
2.792886 2.000000 
3.048557 1.000000 
3.857222 1.000000 
3.397921 2.000000 
2.487079 1.000000 
0.936220 2.000000 
0.830063 2.000000 
1.167872 2.000000 
2.133019 1.000000 
3.791182 1.000000 
2.278372 1.000000 
2.027674 1.000000 
3.105149 2.000000 
4.464802 1.000000 
3.952178 2.000000 
3.747229 2.000000 
3.438957 2.000000 
3.534688 2.000000 
3.593249 2.000000 
2.836990 2.000000 
4.276358 1.000000 
4.395903 2.000000 
2.203419 2.000000 
2.781901 1.000000 
1.290917 2.000000 
1.994724 1.000000 
4.896720 2.000000 
-0.245240 2.000000 
1.074696 2.000000 
3.707269 1.000000 
2.317080 1.000000 
3.233821 1.000000 
3.496534 1.000000 
2.802794 1.000000 
3.107328 2.000000 
2.827709 2.000000 
3.619933 1.000000 
1.436063 2.000000 
2.023116 1.000000 
1.409511 2.000000 
1.237345 1.000000 
3.652133 2.000000 
2.670368 2.000000 
3.796548 1.000000 
2.746090 1.000000 
2.688321 1.000000 
3.971066 1.000000 
2.553700 1.000000 
2.936563 2.000000 
3.431107 1.000000 
2.085646 1.000000 
3.658659 2.000000 
-0.885023 2.000000 
3.981184 1.000000 
2.283872 1.000000 
3.915951 2.000000 
1.828951 2.000000 
3.415170 1.000000 
4.112819 2.000000 
2.713280 2.000000 
3.821964 1.000000 
3.365464 1.000000 
3.264034 2.000000 
0.352701 1.000000 
1.591341 2.000000 
2.580516 1.000000 
1.403976 1.000000 
3.022892 1.000000 
2.837996 2.000000 
4.283903 2.000000 
1.384742 1.000000 
2.405602 1.000000 
4.330629 2.000000 
3.273629 2.000000 
3.107019 2.000000 
2.061247 1.000000 
3.542185 2.000000 
1.291366 1.000000 
2.736908 2.000000 
1.184338 1.000000 
4.932086 2.000000 
3.508438 1.000000 
2.678212 1.000000 
1.477298 1.000000 
3.388140 2.000000 
1.698495 1.000000 
4.215743 1.000000 
3.438833 2.000000 
2.647150 2.000000 
3.592348 1.000000 
2.250661 2.000000 
0.477654 1.000000 
2.714303 1.000000 
2.673571 1.000000 
0.771596 2.000000 
0.551556 2.000000 
3.766153 1.000000 
0.593038 2.000000 
2.319542 2.000000 
1.769044 1.000000 
2.456851 1.000000 
1.833872 1.000000 
3.224317 2.000000 
2.481891 2.000000 
1.201317 2.000000 
4.287609 1.000000 
2.107810 1.000000 
2.403082 2.000000 
0.134847 1.000000 
1.481775 2.000000 
3.598430 2.000000 
1.979459 2.000000 
2.341586 1.000000 
2.793403 1.000000 
0.312221 2.000000 
2.259993 2.000000 
4.442332 1.000000 
2.915496 2.000000 
0.736835 1.000000 
0.866858 1.000000 
3.050386 1.000000 
2.887560 2.000000 
3.924769 1.000000 
2.726027 1.000000 
0.999399 2.000000 
0.127292 2.000000 
0.370188 2.000000 
2.012938 1.000000 
3.391952 1.000000 
3.177974 2.000000 
3.893302 1.000000 
2.671617 2.000000 
2.802331 1.000000 
2.033511 1.000000 
2.892970 1.000000 
2.061299 1.000000 
0.764531 2.000000 
1.967855 1.000000 
1.970703 2.000000 
1.728920 1.000000 
1.608238 2.000000 
4.480024 1.000000 
4.820378 2.000000 
1.198868 2.000000 
1.607670 1.000000 
2.000180 1.000000 
0.771819 2.000000 
1.171918 2.000000 
3.669451 2.000000 
3.274761 1.000000 
0.943701 2.000000 
0.762320 2.000000 
2.721250 2.000000 
3.089799 1.000000 
2.395790 2.000000 
4.100098 2.000000 
5.312757 2.000000 
2.973824 2.000000 
0.376555 2.000000 
4.010737 2.000000 
3.273082 1.000000 
2.675232 1.000000 
1.410385 2.000000 
2.163044 1.000000 
3.016213 1.000000 
2.593035 2.000000 
3.041388 2.000000 
0.474760 2.000000 
5.002447 1.000000 
3.162146 1.000000 
-0.584003 2.000000 
2.029738 1.000000 
3.478111 2.000000 
2.468865 2.000000 
2.901211 1.000000 
1.817888 1.000000 
3.076656 2.000000 
2.485817 1.000000 
3.353343 2.000000 
3.454767 1.000000 
3.397479 1.000000 
3.023975 1.000000 
1.778965 2.000000 
2.618665 1.000000 
1.276078 2.000000 
1.476892 2.000000 
2.965865 1.000000 
3.124078 1.000000 
2.738051 2.000000 
2.213684 1.000000 
3.629023 1.000000 
2.953085 1.000000 
3.167278 1.000000 
4.532376 1.000000 
1.748717 2.000000 
2.738876 1.000000 
3.090397 2.000000 
2.116802 1.000000 
4.276392 1.000000 
3.098426 1.000000 
2.379981 2.000000 
2.108875 2.000000 
1.427347 2.000000 
0.909704 1.000000 
3.305793 1.000000 
4.043017 1.000000 
2.304643 1.000000 
3.618510 1.000000 
2.119990 2.000000 
4.181477 1.000000 
1.303642 2.000000 
0.902731 2.000000 
1.997561 1.000000 
1.802121 1.000000 
1.373235 1.000000 
2.933865 1.000000 
3.298801 2.000000 
4.326128 1.000000 
1.129137 1.000000 
2.368653 2.000000 
3.354221 2.000000 
4.030280 2.000000 
2.449674 2.000000 
2.286644 1.000000 
5.645293 2.000000 
3.605179 1.000000 
4.028620 2.000000 
2.004209 2.000000 
0.961032 1.000000 
1.563667 1.000000 
2.263249 1.000000 
3.035843 1.000000 
2.432487 2.000000 
3.013834 2.000000 
4.230224 2.000000 
2.337128 1.000000 
1.202240 1.000000 
1.796527 1.000000 
3.143601 1.000000 
2.324438 1.000000 
2.850464 2.000000 
2.697014 2.000000 
3.822507 1.000000 
2.728761 2.000000 
-0.615694 2.000000 
3.308451 1.000000 
0.194373 2.000000 
3.107899 1.000000 
2.721543 1.000000 
4.293754 1.000000 
2.949979 2.000000 
2.103991 2.000000 
3.544142 2.000000 
3.176052 1.000000 
2.479849 2.000000 
3.163004 2.000000 
2.898419 2.000000 
3.629991 1.000000 
0.226749 1.000000 
0.975570 2.000000 
2.412601 1.000000 
3.529807 1.000000 
1.771479 2.000000 
2.690596 2.000000 
1.564306 2.000000 
2.239187 2.000000 
1.620521 1.000000 
2.317380 1.000000 
1.144779 1.000000 
2.767596 2.000000 
1.850155 1.000000 
3.618680 1.000000 
1.798476 2.000000 
3.809423 1.000000 
2.505083 2.000000 
2.286945 2.000000 
3.736119 2.000000 
1.498618 2.000000 
2.979154 2.000000 
2.665905 2.000000 
-0.054992 2.000000 
2.886709 1.000000 
2.483490 2.000000 
3.910203 2.000000 
2.682929 1.000000 
3.765972 1.000000 
2.259002 2.000000 
3.341042 1.000000 
1.144441 1.000000 
3.307437 2.000000 
2.706743 1.000000 
3.358409 2.000000 
4.518422 2.000000 
0.516631 2.000000 
3.360380 1.000000 
2.377336 2.000000 
2.620345 1.000000 
1.594505 2.000000 
2.721095 2.000000 
0.991625 2.000000 
4.062257 1.000000 
0.553439 2.000000 
3.197309 1.000000 
3.168627 1.000000 
3.330389 1.000000 
3.341070 2.000000 
3.083690 1.000000 
3.760184 2.000000 
1.879805 1.000000 
1.933811 2.000000 
2.079425 2.000000 
3.040916 1.000000 
3.794382 1.000000 
4.020411 2.000000 
2.271824 2.000000 
1.925371 1.000000 
1.418319 2.000000 
1.917624 2.000000 
3.870513 2.000000 
3.129090 2.000000 
3.077552 1.000000 
2.881446 1.000000 
3.453493 1.000000 
3.071288 1.000000 
2.250183 2.000000 
3.139632 1.000000 
1.622800 1.000000 
1.621745 1.000000 
2.432349 1.000000 
2.865351 2.000000 
2.100651 2.000000 
4.301250 2.000000 
2.134107 1.000000 
1.373775 2.000000 
0.783087 2.000000 
2.044483 1.000000 
-0.507163 2.000000 
4.009185 2.000000 
1.395540 2.000000 
0.319373 2.000000 
2.401146 1.000000 
-0.440744 2.000000 
3.667626 1.000000 
4.130679 1.000000 
1.049515 2.000000 
1.664316 1.000000 
2.062217 2.000000 
3.844923 2.000000 
3.395467 2.000000 
2.255432 2.000000 
3.701258 2.000000 
0.927907 2.000000 
4.919410 2.000000 
3.469937 1.000000 
3.013127 2.000000 
2.252267 1.000000 
4.199946 2.000000 
2.466349 1.000000 
2.376051 2.000000 
1.076422 2.000000 
3.091992 2.000000 
3.926365 2.000000 
1.121266 2.000000 
4.742850 2.000000 
2.455800 1.000000 
2.283345 2.000000 
1.759824 2.000000 
2.606223 2.000000 
0.728993 2.000000 
2.440639 1.000000 
4.255667 1.000000 
2.766214 1.000000 
2.668054 1.000000 
2.698447 1.000000 
1.366472 2.000000 
3.418090 2.000000 
3.416588 2.000000 
0.511808 1.000000 
1.249712 2.000000 
2.560062 2.000000 
4.630351 1.000000 
4.814953 1.000000 
1.568482 1.000000 
4.263373 2.000000 
0.736455 2.000000 
4.363479 2.000000 
6.424636 2.000000 
2.425251 2.000000 
4.934791 2.000000 
1.451178 2.000000 
0.470232 2.000000 
3.632258 1.000000 
0.362428 2.000000 
1.014588 2.000000 
1.621951 1.000000 
2.840456 1.000000 
1.392942 2.000000 
2.359317 2.000000 
2.547485 2.000000 
2.465720 2.000000 
2.490065 1.000000 
3.359603 1.000000 
2.635505 1.000000 
3.244824 2.000000 
3.453935 1.000000 
2.039933 2.000000 
3.177477 1.000000 
1.115522 2.000000 
3.789158 2.000000 
1.645502 1.000000 
0.745594 1.000000 
2.346721 2.000000 
0.252184 2.000000 
2.388518 1.000000 
1.165175 1.000000 
3.517381 1.000000 
2.001672 2.000000 
2.864521 2.000000 
2.128290 1.000000 
3.459103 1.000000 
2.799923 1.000000 
3.355313 1.000000 
3.531988 1.000000 
3.775094 1.000000 
2.072861 1.000000 
2.336374 1.000000 
1.647092 1.000000 
2.136356 1.000000 
1.056837 2.000000 
2.527892 2.000000 
3.254694 1.000000 
-0.321119 2.000000 
5.085411 1.000000 
2.796751 1.000000 
2.526752 1.000000 
2.828666 2.000000 
3.140847 2.000000 
1.618590 1.000000 
2.782034 1.000000 
3.663678 1.000000 
2.771875 2.000000 
2.327117 2.000000 
2.159022 2.000000 
3.695285 2.000000 
2.878676 1.000000 
2.035230 2.000000 
3.064134 1.000000 
2.851630 1.000000 
0.855514 2.000000 
0.608674 1.000000 
2.510809 2.000000 
1.850351 2.000000 
2.378710 1.000000 
3.357205 2.000000 
0.468097 1.000000 
4.957900 2.000000 
2.639011 1.000000 
2.602476 1.000000 
1.743731 1.000000 
2.045533 1.000000 
1.567253 2.000000 
3.779332 2.000000 
2.140868 1.000000 
0.256881 1.000000 
-1.010054 2.000000 
-0.056645 2.000000 
1.492028 2.000000 
0.446086 1.000000 
4.416492 2.000000 
2.228370 2.000000 
2.472379 1.000000 
2.764318 2.000000 
2.775690 2.000000 
2.189570 2.000000 
3.459798 2.000000 
2.582914 1.000000 
1.494309 2.000000 
1.221817 2.000000 
2.245341 1.000000 
4.335618 1.000000 
4.529624 1.000000 
3.570889 1.000000 
1.757333 1.000000 
3.602653 2.000000 
3.676965 2.000000 
1.505257 1.000000 
1.239645 2.000000 
1.665766 1.000000 
0.678891 1.000000 
3.503398 1.000000 
2.007815 2.000000 
-0.751773 2.000000 
3.394174 2.000000 
1.484747 2.000000 
3.427901 2.000000 
2.478941 2.000000 
3.704472 1.000000 
2.163878 2.000000 
2.918334 1.000000 
2.610575 2.000000 
2.973212 1.000000 
0.749425 2.000000 
1.920139 1.000000 
1.691113 2.000000 
1.431003 1.000000 
3.371459 1.000000 
1.546759 2.000000 
2.154710 1.000000 
1.236854 2.000000 
2.353296 1.000000 
2.049776 2.000000 
1.492044 1.000000 
3.300399 1.000000 
4.567259 2.000000 
2.271953 2.000000 
3.025433 1.000000 
4.553413 2.000000 
2.381527 1.000000 
3.166064 1.000000 
2.539758 1.000000 
2.828333 2.000000 
3.707034 2.000000 
5.306990 2.000000 
1.675458 1.000000 
3.721598 1.000000 
3.340261 2.000000 
3.157950 1.000000 
2.545248 1.000000 
2.682787 2.000000 
4.687033 2.000000 
1.402866 1.000000 
0.557835 1.000000 
2.260464 2.000000 
4.059663 2.000000 
3.694681 1.000000 
0.101761 2.000000 
3.253684 2.000000 
4.703553 1.000000 
3.123445 1.000000 
2.352494 2.000000 
3.889630 2.000000 
3.794483 1.000000 
1.737691 1.000000 
2.638218 1.000000 
3.515876 1.000000 
3.599658 2.000000 
1.388007 2.000000 
2.759789 2.000000 
1.846086 1.000000 
3.257769 2.000000 
4.759357 1.000000 
2.334236 2.000000 
2.618512 1.000000 
2.131552 1.000000 
2.519961 1.000000 
2.908390 1.000000 
3.055546 2.000000